Final loss: 66402823.64568669
drag_scale: 1.030192705531526
lift_scale: 0.9037641239041985
u_k: 0.10005319735408724
u_kr: 0.39993942540490074
rho: 1.18031758222672
mu: 1.7639320225002102e-05
nu: 1.3819660112501052e-05
nu_g: 0.002464449644096473
cd_mid_a: 1.1347524157501472e-10
cd_mid_b: -3.0901699437494747e-05
cd_mid_c: 1.9999387154764874
cd_high_a: 2.5278640450004205e-11
cd_high_b: -6.180339887498949e-05
cd_high_c: 0.6033883667497059
